0.588 0.407 0.592
0.588 0.407 0.592
0.588 0.407 0.592
0.588 0.407 0.592
0.588 0.407 0.592
0.588 0.407 0.592

0.419 0.271 0.424
0.419 0.271 0.424
0.419 0.271 0.424
0.419 0.271 0.424
0.419 0.271 0.424
0.419 0.271 0.424

0.588 0.407 0.592
0.588 0.407 0.592
0.588 0.407 0.592
0.588 0.407 0.592
0.588 0.407 0.592
0.588 0.407 0.592

0.588 0.407 0.592
0.588 0.407 0.592
0.588 0.407 0.592
0.588 0.407 0.592
0.588 0.407 0.592
0.588 0.407 0.592

=====

0.419 0.267 0.423
0.419 0.267 0.423
0.419 0.267 0.423
0.419 0.267 0.423
0.419 0.267 0.423
0.419 0.267 0.423

0.592 0.400 0.592
0.592 0.400 0.592
0.592 0.400 0.592
0.592 0.400 0.592
0.592 0.400 0.592
0.592 0.400 0.592

0.419 0.271 0.424
0.419 0.271 0.424
0.419 0.271 0.424
0.419 0.271 0.424
0.419 0.271 0.424
0.419 0.271 0.424

0.588 0.407 0.592
0.588 0.407 0.592
0.588 0.407 0.592
0.588 0.407 0.592
0.588 0.407 0.592
0.588 0.407 0.592

=====

0.588 0.407 0.592
0.588 0.407 0.592
0.588 0.407 0.592
0.588 0.407 0.592
0.588 0.407 0.592
0.588 0.407 0.592

0.0 0.0 0.0
0.0 0.0 0.0
0.0 0.0 0.0
0.0 0.0 0.0
0.0 0.0 0.0
0.0 0.0 0.0

0.588 0.407 0.592
0.588 0.407 0.592
0.588 0.407 0.592
0.588 0.407 0.592
0.588 0.407 0.592
0.588 0.407 0.592

=====

0.588 0.407 0.592
0.588 0.407 0.592
0.588 0.407 0.592
0.588 0.407 0.592
0.588 0.407 0.592
0.588 0.407 0.592

0.588 0.407 0.592
0.588 0.407 0.592
0.588 0.407 0.592
0.588 0.407 0.592
0.588 0.407 0.592
0.588 0.407 0.592

0.588 0.407 0.592
0.588 0.407 0.592
0.588 0.407 0.592
0.588 0.407 0.592
0.588 0.407 0.592
0.588 0.407 0.592

=====

0.800 0.588 0.031
0.800 0.588 0.031
0.800 0.588 0.031
0.800 0.588 0.031
0.800 0.588 0.031
0.800 0.588 0.031

0.800 0.588 0.031
0.800 0.588 0.031
0.800 0.588 0.031
0.800 0.588 0.031
0.800 0.588 0.031
0.800 0.588 0.031

0.635 0.514 0.168
0.635 0.514 0.168
0.635 0.514 0.168
0.635 0.514 0.168
0.635 0.514 0.168
0.635 0.514 0.168

0.635 0.514 0.168
0.635 0.514 0.168
0.635 0.514 0.168
0.635 0.514 0.168
0.635 0.514 0.168
0.635 0.514 0.168

=====

0.949 0.800 0.208
0.949 0.800 0.208
0.949 0.800 0.208
0.949 0.800 0.208
0.949 0.800 0.208
0.949 0.800 0.208

0.949 0.800 0.208
0.949 0.800 0.208
0.949 0.800 0.208
0.949 0.800 0.208
0.949 0.800 0.208
0.949 0.800 0.208

0.949 0.800 0.208
0.949 0.800 0.208
0.949 0.800 0.208
0.949 0.800 0.208
0.949 0.800 0.208
0.949 0.800 0.208

=====