0.588 0.407 0.592
0.588 0.407 0.592
0.588 0.407 0.592
0.588 0.407 0.592
0.588 0.407 0.592
0.588 0.407 0.592

0.396 0.302 0.489
0.396 0.302 0.489
0.396 0.302 0.489
0.396 0.302 0.489
0.396 0.302 0.489
0.396 0.302 0.489

0.419 0.267 0.423
0.419 0.267 0.423
0.419 0.267 0.423
0.419 0.267 0.423
0.419 0.267 0.423
0.419 0.267 0.423

=====

0.588 0.407 0.592
0.588 0.407 0.592
0.588 0.407 0.592
0.588 0.407 0.592
0.588 0.407 0.592
0.588 0.407 0.592

0 0 0
0 0 0
0 0 0
0 0 0
0 0 0
0 0 0

=====

0.588 0.407 0.592
0.588 0.407 0.592
0.588 0.407 0.592
0.588 0.407 0.592
0.588 0.407 0.592
0.588 0.407 0.592

=====

0.588 0.407 0.592
0.588 0.407 0.592
0.588 0.407 0.592
0.588 0.407 0.592
0.588 0.407 0.592
0.588 0.407 0.592

0.949 0.800 0.208
0.949 0.800 0.208
0.949 0.800 0.208
0.949 0.800 0.208
0.949 0.800 0.208
0.949 0.800 0.208

0.588 0.407 0.592
0.588 0.407 0.592
0.588 0.407 0.592
0.588 0.407 0.592
0.588 0.407 0.592
0.588 0.407 0.592

=====

0.949 0.800 0.208
0.949 0.800 0.208
0.949 0.800 0.208
0.949 0.800 0.208
0.949 0.800 0.208
0.949 0.800 0.208

0.949 0.800 0.208
0.949 0.800 0.208
0.949 0.800 0.208
0.949 0.800 0.208
0.949 0.800 0.208
0.949 0.800 0.208

0.635 0.514 0.168
0.635 0.514 0.168
0.635 0.514 0.168
0.635 0.514 0.168
0.635 0.514 0.168
0.635 0.514 0.168

0.949 0.800 0.208
0.949 0.800 0.208
0.949 0.800 0.208
0.949 0.800 0.208
0.949 0.800 0.208
0.949 0.800 0.208

=====