0 0 0
0 2 0
-8 0 0
0 2 0
-8 0 0
-8 2 0

-8 0 0
-8 4 0
-10 0 0
-10 0 0
-8 4 0
-10 4 0

0 2 0
0 4 0
-8 2 0
-8 2 0
0 4 0
-8 4 0

=====

0 4 0
0 6 0
-6 4 0
-6 4 0
0 6 0
-6 6 0

-6 4 0
-6 6 0
-8 4 0
-8 4 0
-6 6 0
-8 6 0

=====

0 6 0
0 9 0
-8 6 0
-8 6 0
0 9 0
-8 9 0

=====

0 9 0
0 11 0
-1 9 0
-1 9 0
0 11 0
-1 11 0

-1 9 0
-1 11 0
-3 9 0
-3 9 0
-1 11 0
-3 11 0

-3 9 0
-3 11 0
-8 9 0
-8 9 0
-3 11 0
-8 11 0

=====

0 11 0
0 16 0
-6 11 0
-6 11 0
0 16 0
-6 16 0

0 16 0
0 20 0
-1 16 0
-1 16 0
0 20 0
-1 20 0

-1 16 0
-1 22 0
-3 16 0
-3 16 0
-1 22 0
-3 22 0

-3 16 0
-3 18 0
-6 16 0
-6 16 0
-3 18 0
-6 18 0

=====