0 0 0
1 0 0
0 2 0
1 0 0
1 2 0
0 2 0

1 0 0
5 0 0
1 2 0
5 0 0
5 2 0
1 2 0

5 0 0
8 0 0
5 2 0
8 0 0
8 2 0
5 2 0

8 0 0
8 2 0
10 0 0
10 0 0
10 2 0
8 2 0

=====

0 2 0
1 2 0
0 4 0
1 2 0
1 4 0
0 4 0

1 2 0
6 2 0
1 4 0
6 2 0
6 4 0
1 4 0

6 2 0
8 2 0
6 4 0
6 4 0
8 4 0
8 2 0

8 2 0
8 4 0
10 2 0
10 2 0
10 4 0
8 4 0

=====

0 4 0
1 4 0
0 6 0
0 6 0
1 6 0
1 4 0

1 4 0
3 4 0
1 6 0
3 4 0
3 6 0
1 6 0

3 4 0
10 4 0
3 6 0
3 6 0
10 6 0
10 4 0

=====

0 6 0
0 11 0
8 6 0
8 6 0
8 11 0
0 11 0

8 6 0
10 6 0
8 9 0
8 9 0
10 6 0
10 9 0

1 11 0
5 11 0
1 13 0
1 13 0
5 11 0
5 13 0

=====

5 11 0
8 11 0
5 13 0
5 13 0
8 11 0
8 13 0

8 9 0
10 9 0
8 11 0
8 11 0
10 9 0
10 11 0

8 11 0
10 11 0
8 15 0
8 15 0
10 11 0
10 15 0

10 13 0
12 13 0
10 22 0
10 22 0
12 13 0
12 22 0

=====

0 11 0
1 11 0
0 20 0
0 20 0
1 11 0
1 20 0

1 13 0
5 13 0
1 16 0
1 16 0
5 13 0
5 16 0

3 16 0
5 16 0
3 18 0
3 18 0
5 16 0
5 18 0

=====