0.545 0.349 0.541
0.545 0.349 0.541
0.545 0.349 0.541
0.545 0.349 0.541
0.545 0.349 0.541
0.545 0.349 0.541

0.588 0.407 0.592
0.588 0.407 0.592
0.588 0.407 0.592
0.588 0.407 0.592
0.588 0.407 0.592
0.588 0.407 0.592

0.419 0.271 0.424
0.419 0.271 0.424
0.419 0.271 0.424
0.419 0.271 0.424
0.419 0.271 0.424
0.419 0.271 0.424

0.635 0.514 0.168
0.635 0.514 0.168
0.635 0.514 0.168
0.635 0.514 0.168
0.635 0.514 0.168
0.635 0.514 0.168

0.800 0.588 0.031
0.800 0.588 0.031
0.800 0.588 0.031
0.800 0.588 0.031
0.800 0.588 0.031
0.800 0.588 0.031

0.635 0.514 0.168
0.635 0.514 0.168
0.635 0.514 0.168
0.635 0.514 0.168
0.635 0.514 0.168
0.635 0.514 0.168

=====

0.949 0.800 0.208
0.949 0.800 0.208
0.949 0.800 0.208
0.949 0.800 0.208
0.949 0.800 0.208
0.949 0.800 0.208

0.588 0.407 0.592
0.588 0.407 0.592
0.588 0.407 0.592
0.588 0.407 0.592
0.588 0.407 0.592
0.588 0.407 0.592

=====

0.635 0.514 0.168
0.635 0.514 0.168
0.635 0.514 0.168
0.635 0.514 0.168
0.635 0.514 0.168
0.635 0.514 0.168

0.584 0.012 0.188
0.584 0.012 0.188
0.584 0.012 0.188
0.584 0.012 0.188
0.584 0.012 0.188
0.584 0.012 0.188

=====

0.984 0.596 0.196
0.984 0.596 0.196
0.984 0.596 0.196
0.984 0.596 0.196
0.984 0.596 0.196
0.984 0.596 0.196

=====

0.800 0.588 0.031
0.800 0.588 0.031
0.800 0.588 0.031
0.800 0.588 0.031
0.800 0.588 0.031
0.800 0.588 0.031

0.584 0.012 0.188
0.584 0.012 0.188
0.584 0.012 0.188
0.584 0.012 0.188
0.584 0.012 0.188
0.584 0.012 0.188

=====

0.949 0.800 0.208
0.949 0.800 0.208
0.949 0.800 0.208
0.949 0.800 0.208
0.949 0.800 0.208
0.949 0.800 0.208

=====

0.635 0.514 0.168
0.635 0.514 0.168
0.635 0.514 0.168
0.635 0.514 0.168
0.635 0.514 0.168
0.635 0.514 0.168

0.584 0.012 0.188
0.584 0.012 0.188
0.584 0.012 0.188
0.584 0.012 0.188
0.584 0.012 0.188
0.584 0.012 0.188

=====

0.984 0.596 0.196
0.984 0.596 0.196
0.984 0.596 0.196
0.984 0.596 0.196
0.984 0.596 0.196
0.984 0.596 0.196

0.635 0.514 0.168
0.635 0.514 0.168
0.635 0.514 0.168
0.635 0.514 0.168
0.635 0.514 0.168
0.635 0.514 0.168

0.800 0.588 0.031
0.800 0.588 0.031
0.800 0.588 0.031
0.800 0.588 0.031
0.800 0.588 0.031
0.800 0.588 0.031

=====

0.949 0.800 0.208
0.949 0.800 0.208
0.949 0.800 0.208
0.949 0.800 0.208
0.949 0.800 0.208
0.949 0.800 0.208

=====

0.984 0.596 0.196
0.984 0.596 0.196
0.984 0.596 0.196
0.984 0.596 0.196
0.984 0.596 0.196
0.984 0.596 0.196

=====

0.949 0.800 0.208
0.949 0.800 0.208
0.949 0.800 0.208
0.949 0.800 0.208
0.949 0.800 0.208
0.949 0.800 0.208

=====

0.984 0.596 0.196
0.984 0.596 0.196
0.984 0.596 0.196
0.984 0.596 0.196
0.984 0.596 0.196
0.984 0.596 0.196

=====

0.588 0.407 0.592
0.588 0.407 0.592
0.588 0.407 0.592
0.588 0.407 0.592
0.588 0.407 0.592
0.588 0.407 0.592

=====

0.588 0.407 0.592
0.588 0.407 0.592
0.588 0.407 0.592
0.588 0.407 0.592
0.588 0.407 0.592
0.588 0.407 0.592

=====