0 0 0
-1 0 0
0 -2 0
-1 -2 0
-1 0 0
0 -2 0

-1 0 0
-6 0 0
-1 -2 0
-6 -2 0
-6 0 0
-1 -2 0

-6 0 0
-10 0 0
-6 -2 0
-10 -2 0
-10 0 0
-6 -2 0

-10 0 0
-12 0 0
-10 -2 0
-12 -2 0
-12 0 0
-10 -2 0

-12 0 0
-17 0 0
-12 -2 0
-17 -2 0
-17 0 0
-12 -2 0

-17 0 0
-19 0 0
-17 -2 0
-19 -2 0
-19 0 0
-17 -2 0

=====

0 -2 0
-4 -2 0
0 -4 0
-4 -4 0
-4 -2 0
0 -4 0

-4 -2 0
-6 -2 0
-4 -4 0
-6 -4 0
-6 -2 0
-4 -4 0

=====

-8 -2 0
-10 -2 0
-8 -4 0
-10 -4 0
-10 -2 0
-8 -4 0

-10 -2 0
-17 -2 0
-10 -4 0
-17 -4 0
-17 -2 0
-10 -4 0

=====

0 -4 0
-4 -4 0
0 -6 0
-4 -6 0
-4 -4 0
0 -6 0

=====

-8 -4 0
-10 -4 0
-8 -6 0
-10 -6 0
-10 -4 0
-8 -6 0

-10 -4 0
-14 -4 0
-10 -6 0
-14 -6 0
-14 -4 0
-10 -6 0

=====

0 -6 0
-4 -6 0
0 -8 0
-4 -8 0
-4 -6 0
0 -8 0

=====

-6 -6 0
-8 -6 0
-6 -8 0
-8 -8 0
-8 -6 0
-6 -8 0

-8 -6 0
-12 -6 0
-8 -8 0
-12 -8 0
-12 -6 0
-8 -8 0

=====

0 -8 0
-4 -8 0
0 -10 0
-4 -10 0
-4 -8 0
0 -10 0

-4 -8 0
-6 -8 0
-4 -10 0
-6 -10 0
-6 -8 0
-4 -10 0

-6 -8 0
-8 -8 0
-6 -10 0
-8 -10 0
-8 -8 0
-6 -10 0

=====

0 -10 0
-6 -10 0
0 -12 0
-6 -12 0
-6 -10 0
0 -12 0

=====

0 -12 0
-6 -12 0
0 -14 0
-6 -14 0
-6 -12 0
0 -14 0

=====

0 -14 0
-6 -14 0
0 -16 0
-6 -16 0
-6 -14 0
0 -16 0

=====

0 -16 0
-4 -16 0
0 -18 0
-4 -18 0
-4 -16 0
0 -18 0

=====

-6 -12 0
-8 -12 0
-6 -24 0
-8 -24 0
-8 -12 0
-6 -24 0

=====

-4 -16 0
-6 -16 0
-4 -20 0
-6 -20 0
-6 -16 0
-4 -20 0

=====