0 -2 0
1 -2 0
1 -4 0
0 -2 0
0 -4 0
1 -4 0
0 -6 0
1 -6 0
1 -8 0
0 -6 0
0 -8 0
1 -8 0
0 -9 0
1 -9 0
1 -12 0
0 -9 0
0 -12 0
1 -12 0
0 -14 0
3 -14 0
3 -16 0
0 -14 0
0 -16 0
3 -16 0
0 -4 0
1 -4 0
1 -6 0
0 -4 0
0 -6 0
1 -6 0
0 -8 0
1 -8 0
1 -10 0
0 -8 0
0 -10 0
1 -10 0
0 -12 0
3 -12 0
3 -14 0
0 -12 0
0 -14 0
3 -14 0
0 -16 0
5 -16 0
5 -18 0
0 -16 0
0 -18 0
5 -18 0
14 -14 0
18 -14 0
18 -16 0
14 -14 0
14 -16 0
18 -16 0
0 0 0
8 0 0
8 -2 0
0 0 0
0 -2 0
8 -2 0
1 -2 0
5 -2 0
5 -4 0
1 -2 0
1 -4 0
5 -4 0
1 -4 0
3 -4 0
3 -12 0
1 -4 0
1 -12 0
3 -12 0
1 -8 0
8 -8 0
8 -12 0
1 -8 0
1 -12 0
8 -12 0
1 -10 0
12 -10 0
12 -12 0
1 -10 0
1 -12 0
12 -12 0
3 -12 0
14 -12 0
14 -16 0
3 -12 0
3 -16 0
14 -16 0
5 -16 0
18 -16 0
18 -18 0
5 -16 0
5 -18 0
18 -18 0
1 -18 0
14 -18 0
14 -20 0
1 -18 0
1 -20 0
14 -20 0
3 -20 0
7 -20 0
7 -22 0
3 -20 0
3 -22 0
7 -22 0
5 -22 0
7 -22 0
7 -24 0
5 -22 0
5 -24 0
7 -24 0
11 -20 0
14 -20 0
14 -22 0
11 -20 0
11 -22 0
14 -22 0
18 -18 0
20 -18 0
20 -20 0
18 -18 0
18 -20 0
20 -20 0
1 -18 0
5 -18 0
5 -20 0
1 -18 0
1 -20 0
5 -20 0
3 -20 0
5 -20 0
5 -22 0
3 -20 0
3 -22 0
5 -22 0
7 -16 0
9 -16 0
9 -18 0
7 -16 0
7 -18 0
9 -18 0
7 -18 0
11 -18 0
11 -20 0
7 -18 0
7 -20 0
11 -20 0
14 -16 0
18 -16 0
18 -18 0
14 -16 0
14 -18 0
18 -18 0
6 -6 0
10 -6 0
10 -8 0
6 -6 0
6 -8 0
10 -8 0
8 -8 0
10 -8 0
10 -10 0
8 -8 0
8 -10 0
10 -10 0
=====