0.949 0.8 0.208
0.949 0.8 0.208
0.949 0.8 0.208
0.949 0.8 0.208
0.949 0.8 0.208
0.949 0.8 0.208
0.949 0.8 0.208
0.949 0.8 0.208
0.949 0.8 0.208
0.949 0.8 0.208
0.949 0.8 0.208
0.949 0.8 0.208
0.949 0.8 0.208
0.949 0.8 0.208
0.949 0.8 0.208
0.949 0.8 0.208
0.949 0.8 0.208
0.949 0.8 0.208
0.949 0.8 0.208
0.949 0.8 0.208
0.949 0.8 0.208
0.949 0.8 0.208
0.949 0.8 0.208
0.949 0.8 0.208
0.984 0.596 0.196
0.984 0.596 0.196
0.984 0.596 0.196
0.984 0.596 0.196
0.984 0.596 0.196
0.984 0.596 0.196
0.984 0.596 0.196
0.984 0.596 0.196
0.984 0.596 0.196
0.984 0.596 0.196
0.984 0.596 0.196
0.984 0.596 0.196
0.984 0.596 0.196
0.984 0.596 0.196
0.984 0.596 0.196
0.984 0.596 0.196
0.984 0.596 0.196
0.984 0.596 0.196
0.984 0.596 0.196
0.984 0.596 0.196
0.984 0.596 0.196
0.984 0.596 0.196
0.984 0.596 0.196
0.984 0.596 0.196
0.984 0.596 0.196
0.984 0.596 0.196
0.984 0.596 0.196
0.984 0.596 0.196
0.984 0.596 0.196
0.984 0.596 0.196
0.588 0.407 0.592
0.588 0.407 0.592
0.588 0.407 0.592
0.588 0.407 0.592
0.588 0.407 0.592
0.588 0.407 0.592
0.588 0.407 0.592
0.588 0.407 0.592
0.588 0.407 0.592
0.588 0.407 0.592
0.588 0.407 0.592
0.588 0.407 0.592
0.588 0.407 0.592
0.588 0.407 0.592
0.588 0.407 0.592
0.588 0.407 0.592
0.588 0.407 0.592
0.588 0.407 0.592
0.588 0.407 0.592
0.588 0.407 0.592
0.588 0.407 0.592
0.588 0.407 0.592
0.588 0.407 0.592
0.588 0.407 0.592
0.588 0.407 0.592
0.588 0.407 0.592
0.588 0.407 0.592
0.588 0.407 0.592
0.588 0.407 0.592
0.588 0.407 0.592
0.588 0.407 0.592
0.588 0.407 0.592
0.588 0.407 0.592
0.588 0.407 0.592
0.588 0.407 0.592
0.588 0.407 0.592
0.588 0.407 0.592
0.588 0.407 0.592
0.588 0.407 0.592
0.588 0.407 0.592
0.588 0.407 0.592
0.588 0.407 0.592
0.588 0.407 0.592
0.588 0.407 0.592
0.588 0.407 0.592
0.588 0.407 0.592
0.588 0.407 0.592
0.588 0.407 0.592
0.588 0.407 0.592
0.588 0.407 0.592
0.588 0.407 0.592
0.588 0.407 0.592
0.588 0.407 0.592
0.588 0.407 0.592
0.588 0.407 0.592
0.588 0.407 0.592
0.588 0.407 0.592
0.588 0.407 0.592
0.588 0.407 0.592
0.588 0.407 0.592
0.588 0.407 0.592
0.588 0.407 0.592
0.588 0.407 0.592
0.588 0.407 0.592
0.588 0.407 0.592
0.588 0.407 0.592
0.396 0.302 0.489
0.396 0.302 0.489
0.396 0.302 0.489
0.396 0.302 0.489
0.396 0.302 0.489
0.396 0.302 0.489
0.396 0.302 0.489
0.396 0.302 0.489
0.396 0.302 0.489
0.396 0.302 0.489
0.396 0.302 0.489
0.396 0.302 0.489
0.396 0.302 0.489
0.396 0.302 0.489
0.396 0.302 0.489
0.396 0.302 0.489
0.396 0.302 0.489
0.396 0.302 0.489
0.396 0.302 0.489
0.396 0.302 0.489
0.396 0.302 0.489
0.396 0.302 0.489
0.396 0.302 0.489
0.396 0.302 0.489
0.396 0.302 0.489
0.396 0.302 0.489
0.396 0.302 0.489
0.396 0.302 0.489
0.396 0.302 0.489
0.396 0.302 0.489
0.396 0.302 0.489
0.396 0.302 0.489
0.396 0.302 0.489
0.396 0.302 0.489
0.396 0.302 0.489
0.396 0.302 0.489
0.635 0.514 0.168
0.635 0.514 0.168
0.635 0.514 0.168
0.635 0.514 0.168
0.635 0.514 0.168
0.635 0.514 0.168
0.635 0.514 0.168
0.635 0.514 0.168
0.635 0.514 0.168
0.635 0.514 0.168
0.635 0.514 0.168
0.635 0.514 0.168
=====