# Vertices
-1.0 -1.0 -1.0
-1.0 -1.0  1.0
-1.0  1.0  1.0
1.0  1.0 -1.0 
-1.0 -1.0 -1.0
-1.0  1.0 -1.0
1.0 -1.0  1.0
-1.0 -1.0 -1.0
1.0 -1.0 -1.0
1.0  1.0 -1.0
1.0 -1.0 -1.0
-1.0 -1.0 -1.0
-1.0 -1.0 -1.0
-1.0  1.0  1.0
-1.0  1.0 -1.0
1.0 -1.0  1.0
# Test
-1.0 -1.0  1.0
-1.0 -1.0 -1.0
-1.0  1.0  1.0
-1.0 -1.0  1.0
1.0 -1.0  1.0
1.0  1.0  1.0
1.0 -1.0 -1.0
1.0  1.0 -1.0
1.0 -1.0 -1.0
1.0  1.0  1.0
1.0 -1.0  1.0
1.0  1.0  1.0
1.0  1.0 -1.0
-1.0  1.0 -1.0
1.0  1.0  1.0
-1.0  1.0 -1.0
-1.0  1.0  1.0
1.0  1.0  1.0
-1.0  1.0  1.0
1.0 -1.0  1.0